2063547331
3295638101
3405193057
3500708374
2005680697
3969820260
821253081
3327297562
3359125162
3505096412
3382359356
2164981300
2651999420
3007281087
2954972724
3465138871
3874449068
2334903661
2174977287
2056917814
3395213357
2498272027
1813797281
1959061968
3394240583
3263146005
3575523209
2159659166
2165010375
3501037111
1922404322
4002419762
3969856893
3262968125
3172102286
3575701460
1507869639
2399845932
2636558418
3454953728
3543223635
3738312720
3359022399
3698854033
3601971861
3125592457
3391643493
3284709066
3071296468
2911175110
2176453382
1968083478
3006872060
2064180195
1017814469
2847630322
3231130805
2997243336
2818668123
3360131497
3501059526
1510677952
2383219777
2520081659
2095192682
1909923229
2018893365
3092797994
2018037335
3160117956
3500959876
1169012577
2070351335
3598478602
3231184288
2869055388
3938040813
3391529938
3621360883
3327633253
2869032927
2980969579
3454984381
1778806834
3392576438
1444022738
2933485100
3705940692
2197092682
3294992607
3543563035
3545247012
3511395295
2012999729
1813310258
3008689681
3071430637
3333707903
3504834269
2911098868
4002092686
3620113324
3610114201
3620131886
3842105918
3706222662
3231153569
1844635007
3447658911
3457767058
3255462220
3221422029
269248069
3513561007
1958444345
4002072339
3454838937
2756272697
3306135735
3598479335
3509812096
3455144441
2879699929
764578628
3501611320
3451703127
3317616414
3432371226
3358229918
2069858395
3611630403
2866626001
3092807850
1913404086
2729770112
3552951845
3039188532
2362436475
3317493822
2961325767
2737820025
3466658438
3491127123
1650323910
3501339449
2127478609
3359797594
4002516398
3511118182
4002460304
3134994891
3557523970
3279928359
3534067451
2133020494
3018602242
3414928151
2196981224
3341800611
3135591690
3501175150
2517646507
3511922385
3426939617
3582408006
2946942514
2496205574
3230810405
3511521936
3476647464
3906050888
3443372003
3454545655
2888739141
2911660193
3454954930
1973388392
3857940962
3548286690
245548771
1352490134
3007177571
911129872
3501024162
3373168512
3738488280
2388894819
2495105949
3841862727
3621398581
3457070367
2632800144
3093695677
3501213376
3043160233
3471345551
3231256771
3682217298
3093470247
3569403722
3500742662
3690450632
3455169390
3525426332
2272361401
2933639597
3415238872
3810391707
2133316483
3317299451
2621293389
2463417250
3738518199
1493521232
3510718623
3556741747
2069106296
3467409233
2031798583
1858555120
3890041502
2526677488
2583337239
3630459014
1778325008
3212557098
3497126334
4002502730
2462982319
3030811641
3501493726
2853465104
3207026850
3231615885
2082668015
3445458938
245938296
3632117231
3327324462
2485571318
3250954978
3536069897
3435163812
3425639792
3672427564
2471155302
3706366572
3316949924
3730992887
3500739596
1922521804
2965034659
3501607905
3317262065
3472998901
3473437631
2101066034
3537350375
245476938
3041836230
3523578046
1511465781
3938593038
3454911108
3028759808
3501250989
2451955634
3454742767
3198114176
3572584148
1496430939
3108637411
2517519946
1941513105
2844512515
3589222358
3543670203
1908655644
3738229726
2108471205
3423139816
4002185400
2551247453
3358044395
2769540488
1369881525
3542863064
2421685428
3643005015
3371367337
2878741226
3477793014
2082302082
3737966181
2576628384
3501376038
3329698627
3556462022
1940992146
3313925387
2822201097
3549937433
3477938475
2079027685
3316203163
3569013800
3479128060
3674304347
3295271829
2943047210
3554340173
3304570259
178412203
2086209826
1941760993
3438582781
3229420780
2069114240
3317362191
2932966082
2431346492
3449369765
3392740058
3391211326
1858601680
2255007351
3465666916
2821356277
3537174949
1675424282
2837516879
1941767664
2132925554
3537579806
1913048929
3481295250
3483447143
3455205131
3296084606
77189793
3756093292
2047683159
3668359204
2182821399
2902491728
3516300643
3071047791
3046516576
2996988658
3970320696
2485672989
3501498186
2383788579
1858421799
3199172575
3970186108
2139432749
3414149150
2466834653
1563571426
2132927147
1941383043
3230740482
3621038406
1419369700
3336260406
2133047140
2869723487
3598463804
1869571657
1973424567
2625855460
2815606972
3501442497
3294911763
3404867451
2281044000
3007614675
3305316822
2885154906
2504114485
2122637544
2384806057
2091788330
3345084624
3521576591
3358701754
3810444340
3439647620
3511210368
3511001918
3690043103
2965724783
2971764829
3616992854
2003709460
2476321243
3604390904
2331855255
2453787890
3737965526
3455622489
3155837644
2872339342
3500939069
2494957663
3557413013
3642977380
3185538714
2389080356
2497883406
3446902186
3562034701
3591132536
2888774244
3253106612
3125115445
3166880981
3426872652
2133179310
1183112095
3359019728
4001950564
3455559445
3487894155
2139653037
3501380057
3441075278
3501230522
1806590342
2879567543
3445572829
3501098582
2421134155
3326929047
3469559812
1890445168
3434962111
3500893228
1242705401
3890375658
3077259271
3634900136
3454876629
3666514145
3539512222
2872628066
3380956239
2867435815
3317641310
2089266238
3501640846
2972022158
2484884686
3445111033
3542694253
1044343071
1971566974
3039104806
3809741090
3358801587
3522928988
2481648783
3479530455
2443742331
3390518866
3501625935
3523547472
3557084143
3640003472
3452474500
3322635850
2583061950
2690739995
1983625008
3619776116
3889945106
2031438906
3501143914
3512104989
4002122296
3095310535
2869481848
2295457957
3395443391
3569069908
3452031555
2208404256
1909108405
3500737844
2588995011
3413499192
3454974356
1941005272
3454678296
3391075418
3093086690
2164920231
